10000001
10110001
10110001
10110001
10110010
10110001
10110001
10110001
10110010
10110010
10110001
10110001
10110010
10110010
10110001
10110000
10110000
10110000
10110000
10110000
10110001
10110010
10110001
10110001
10110001
10110000
10110000
10110001
10110001
10110001
10110001
10110010
10110011
10110011
10110011
10110010
10110010
10110001
10110010
10110010
10110010
10110010
10110001
10110001
10110001
10110001
10110001
10110001
10110001
10110001
10110001
10110000
10110000
10110001
10110010
10110001
10110000
10110001
10110010
10110010
10110010
10110001
10110001
10000001
10110010
11110100
11110011
11110100
11110100
11110011
11110011
11110100
11110100
11110100
11110011
11110011
11110011
11110011
11110100
11110010
11110010
11110010
11110001
11110010
11110100
11110100
11110100
11110001
11110010
11110010
11110010
11110010
11110010
11110010
11110001
11110011
11110101
11110101
11110110
11110100
11110100
11110011
11110101
11110101
11110110
11110110
11110011
11110100
11110010
11110011
11110010
11110010
11110011
11110011
11110011
11110011
11110011
11110101
11110011
11110101
11110010
11110011
11110100
11110101
11110100
11110011
11110100
10110010
10110001
11110010
11110011
11110011
11110011
11110010
11110010
11110100
11110100
11110010
11110010
11110001
11110011
11110101
11110011
11110011
11110001
11110010
11110010
11110001
11110100
11110100
11110100
11110010
11110010
11110011
11110100
11110100
11110011
11110010
11110010
11110001
11110100
11110011
11110111
11110100
11110101
11110010
11110100
11110100
11110101
11110100
11110101
11110101
11110100
11110011
11110011
11110001
11110011
11110100
11110100
11110100
11110011
11110110
11110100
11110101
11110010
11110011
11110100
11110100
11110101
11110101
11110100
10110010
10110001
11110100
11110011
11110101
11110011
11110100
11110100
11110100
11110100
11110011
11110010
11110011
11110100
11110100
11110101
11110100
11110011
11110001
11110010
11110010
11110100
11110011
11110100
11110010
11110010
11110011
11110100
11110011
11110100
11110100
11110100
11110010
11110100
11110100
11110101
11110100
11110101
11110011
11110110
11110101
11110110
11110110
11110101
11110101
11110011
11110011
11110010
11110011
11110010
11110011
11110010
11110101
11110101
11110101
11110011
11110101
11110100
11110100
11110011
11110100
11110100
11110010
11110100
10110001
10110010
11110101
11110101
11110101
11110011
11110011
11110010
11110011
11110100
11110011
11110100
11110011
11110011
11110101
11110110
11110101
11110100
11110010
11110010
11110010
11110011
11110011
11110010
11110010
11110010
11110100
11110101
11110101
11110100
11101111
11011111
11001000
11001010
11100001
11110101
11110011
11110101
11110011
11110101
11110011
11110100
11110100
11110100
11110101
11110100
11110010
11110011
11110001
11110010
11110011
11110100
11110100
11110011
11110101
11110101
11110101
11110100
11110101
11110100
11110011
11110011
11110100
11110100
10110001
10110010
11110110
11110111
11110101
11110011
11110011
11110011
11110011
11110011
11110011
11110100
11110011
11110011
11110101
11110011
11110110
11110100
11110011
11110011
11110011
11110010
11110010
11110010
11110010
11110010
11110011
11110011
11110101
11110100
11100000
10100111
01110000
01110001
10101010
11100001
11110100
11110100
11110011
11110100
11110100
11110100
11110100
11110100
11110100
11110100
11110011
11110011
11110010
11110010
11110011
11110010
11110100
11110011
11110010
11110011
11110011
11110101
11110011
11110011
11110010
11110010
11110011
11110010
10110001
10110010
11110100
11110101
11110011
11110010
11110010
11110001
11110011
11110100
11110100
11110011
11110010
11110011
11110011
11110011
11110101
11110010
11110100
11110011
11110100
11110010
11110010
11110011
11110011
11110010
11110011
11110101
11111000
11110000
10111010
01100010
00011111
00100000
01100011
10111110
11101111
11110101
11110011
11110001
11110010
11110010
11110010
11110011
11110100
11110100
11110010
11110011
11110010
11110001
11110010
11110011
11110010
11110010
11110010
11110010
11110011
11110011
11110011
11110011
11110010
11110010
11110011
11110011
10110001
10110010
11110110
11110110
11110100
11110011
11110011
11110011
11110011
11110010
11110100
11110011
11110100
11110010
11110011
11110011
11110100
11110110
11110110
11110100
11110011
11110011
11110010
11110011
11110010
11110011
11110010
11110100
11110110
11011101
10001110
00110000
00000100
00000100
00110001
10001111
11011110
11110111
11110101
11110100
11110100
11110011
11110010
11110011
11110010
11110101
11110100
11110011
11110010
11110010
11110010
11110010
11110100
11110100
11110100
11110010
11110010
11110010
11110010
11110010
11110011
11110011
11110011
11110010
10110000
10110010
11110011
11110101
11110100
11110100
11110011
11110010
11110011
11110011
11110011
11110010
11110011
11110010
11110010
11110010
11110100
11110011
11110100
11110011
11110100
11110100
11110010
11110101
11110100
11110101
11110100
11110110
11110001
10111100
01011101
00010100
00000000
00000000
00010100
01011110
11000000
11110010
11111000
11110100
11110100
11110011
11110010
11110011
11110100
11110100
11110010
11110010
11110001
11110010
11110001
11110011
11110011
11110100
11110011
11110011
11110010
11110010
11110010
11110001
11110010
11110011
11110011
11110010
10110000
10110001
11110011
11110101
11110100
11110011
11110011
11110010
11110011
11110010
11110011
11110011
11110010
11110010
11110010
11110010
11110011
11110101
11110110
11110110
11110100
11110110
11110011
11110110
11110101
11110111
11110110
11110110
11011011
10001110
00110010
00000100
00000000
00000000
00000100
00110100
10010010
11100000
11110110
11110101
11110101
11110100
11110100
11110101
11110110
11110101
11110100
11110011
11110011
11110011
11110011
11110011
11110100
11110110
11110100
11110010
11110010
11110010
11110010
11110010
11110100
11110100
11110100
11110010
10110000
10110001
11110001
11110100
11110100
11110100
11110010
11110010
11110010
11110010
11110001
11110010
11110010
11110010
11110010
11110010
11110010
11110100
11110100
11110110
11110100
11110111
11110101
11111000
11110110
11110111
11111001
11110001
10111101
01011110
00010100
00000000
00000000
00000000
00000000
00010101
01100000
10111110
11110000
11110101
11110101
11110100
11110100
11110110
11110101
11110100
11110010
11110010
11110011
11110011
11110010
11110011
11110011
11110011
11110011
11110010
11110010
11110010
11110010
11110010
11110100
11110011
11110100
11110010
10110000
10110001
11110011
11110100
11110011
11110011
11110010
11110001
11110010
11110010
11110010
11110010
11110010
11110010
11110010
11110010
11110010
11110101
11110110
11111000
11110101
11110101
11110110
11111000
11110111
11111000
11111010
11100000
10001111
00110011
00000100
00000000
00000000
00000000
00000000
00000100
00110100
10001111
11100000
11110110
11111000
11110101
11110111
11110110
11110110
11110100
11110100
11110010
11110100
11110100
11110101
11110100
11110100
11110100
11110011
11110011
11110011
11110010
11110010
11110001
11110100
11110011
11110100
11110011
10110001
10110000
11110011
11110011
11110100
11110011
11110010
11110010
11110010
11110011
11110011
11110011
11110010
11110010
11110001
11110010
11110011
11110101
11110111
11110110
11110011
11110011
11110110
11111000
11110110
11110111
11110001
10111110
01011111
00010100
00000000
00000000
00000000
00000000
00000000
00000000
00010100
01100000
11000010
11110101
11111010
11111001
11110111
11110100
11110101
11110100
11110100
11110011
11110100
11110011
11110100
11110010
11110010
11110010
11110011
11110100
11110100
11110011
11110001
11110010
11110011
11110011
11110100
11110100
10110001
10110000
11110011
11110011
11110010
11110010
11110010
11110010
11110010
11110100
11110100
11110011
11110010
11110010
11110011
11110011
11110100
11110011
11110111
11110101
11110110
11110110
11110111
11111001
11110111
11110101
11011110
10010001
00110100
00000101
00000000
00000000
00000000
00000000
00000000
00000000
00000101
00110110
10010111
11100100
11111010
11111001
11111000
11110111
11110111
11110111
11111000
11110110
11110101
11110101
11110101
11110100
11110011
11110010
11110100
11110101
11110011
11110011
11110001
11110011
11110010
11110011
11110011
11110100
10110001
10110000
11110010
11110010
11110010
11110010
11110011
11110011
11110100
11110100
11110100
11110101
11110011
11110100
11110011
11110100
11110100
11110100
11110110
11110011
11110111
11110110
11110111
11111001
11111000
11110001
10111100
01100000
00010101
00000000
00000000
00000000
00000000
00000000
00000000
00000000
00000000
00010111
01100110
11000110
11111000
11111011
11111001
11110111
11111000
11110111
11110110
11110101
11110101
11110110
11110100
11110100
11110010
11110010
11110010
11110011
11110100
11110011
11110011
11110010
11110100
11110010
11110010
11110011
10110001
10110001
11110011
11110010
11110011
11110011
11110100
11110010
11110110
11110100
11110100
11110100
11110010
11110100
11110101
11110110
11110101
11110011
11110110
11110111
11110111
11111001
11111001
11111010
11111000
11100000
10010010
00110101
00000101
00000000
00000000
00000000
00000000
00000000
00000000
00000000
00000000
00000101
00111000
10011001
11100111
11111010
11111010
11111010
11111001
11111000
11110101
11110100
11110100
11110101
11110110
11110101
11110010
11110011
11110011
11110011
11110011
11110100
11110011
11110010
11110010
11110010
11110010
11110010
10110001
10110010
11110011
11110100
11110011
11110100
11110100
11110100
11110101
11110101
11110100
11110100
11110100
11110100
11110110
11110110
11110111
11110100
11110110
11110101
11110111
11110101
11110111
11111001
11110011
11000011
01100011
00010111
00000000
00000000
00000000
00000000
00000000
00000000
00000000
00000000
00000000
00000000
00010111
01100110
11000101
11110111
11111011
11111010
11110111
11110100
11110010
11110010
11110011
11110110
11110111
11110110
11110011
11110011
11110011
11110011
11110101
11110101
11110110
11110011
11110011
11110010
11110010
11110011
10110000
10110010
11110100
11110101
11110111
11110101
11110101
11110010
11110100
11110011
11110100
11110101
11110110
11110101
11110101
11110101
11111000
11110101
11111000
11111000
11110111
11111000
11111000
11111001
11100011
10010110
00111000
00000101
00000000
00000000
00000000
00000000
00000000
00000000
00000000
00000000
00000000
00000000
00000101
00111000
10011010
11100110
11111100
11111010
11110111
11110100
11110010
11110011
11110011
11110111
11110111
11110110
11110100
11110100
11110011
11110100
11110110
11110111
11110110
11110100
11110011
11110001
11110010
11110011
10110010
10110001
11110100
11110100
11110100
11110100
11110011
11110010
11110010
11110011
11110101
11110101
11110111
11110101
11110101
11110100
11110110
11110101
11110110
11110111
11111001
11111000
11111001
11110101
11000011
01100110
00010111
00000000
00000000
00000000
00000000
00000000
00000000
00000000
00000000
00000000
00000000
00000000
00000000
00011000
01101000
11000111
11111000
11111010
11111000
11110110
11110110
11110101
11110101
11110110
11110111
11111000
11110110
11110110
11110100
11110100
11110011
11110110
11110100
11110011
11110011
11110001
11110001
11110100
10110000
10110001
11110100
11110101
11110101
11110100
11110100
11110011
11110100
11110101
11110110
11110110
11110111
11110110
11111000
11110111
11110111
11110111
11111000
11111010
11111010
11111010
11111100
11100110
10011010
00111001
00000110
00000000
00000000
00000000
00000000
00000000
00000000
00000000
00000000
00000000
00000000
00000000
00000000
00000110
00111011
10011011
11100111
11111011
11111100
11111011
11110111
11110101
11110100
11110111
11111000
11111001
11111000
11110110
11110100
11110101
11110100
11110100
11110100
11110101
11110110
11110100
11110100
11110011
10110010
10110001
11110011
11110100
11110100
11110011
11110101
11110011
11110110
11110100
11110110
11110101
11110111
11111000
11111001
11111001
11110111
11111001
11110111
11110111
11111000
11110100
11101101
11000000
01100101
00011000
00000000
00000000
00000000
00000000
00000000
00000000
00000000
00000000
00000000
00000000
00000000
00000000
00000000
00000000
00011000
01100100
11000000
11101111
11111000
11111000
11111011
11110111
11110111
11111000
11111100
11111101
11111100
11111001
11111000
11110110
11110101
11110101
11110101
11110111
11110110
11110101
11110011
11110100
10110001
10110001
11110100
11110011
11110100
11110011
11110111
11110110
11110110
11110110
11110110
11111000
11111000
11111000
11110111
11110001
11101010
11100101
11011101
11010000
10111110
10101111
10100000
01110010
00110000
00000110
00000000
00000000
00000000
00000000
00000000
00000000
00000000
00000000
00000000
00000000
00000000
00000000
00000000
00000000
00000110
00101111
01110100
10100001
10101111
10111101
11001110
11011100
11100100
11101101
11110100
11111011
11111010
11111100
11111011
11111001
11110111
11111000
11111001
11111010
11111000
11110110
11110011
11110100
10110010
10110000
11110011
11110100
11110100
11110110
11110110
11110001
11101101
11101000
11100010
11011011
11010010
11000011
10110001
10100111
10011101
10010011
10000110
01110001
01010111
01000010
00110111
00100100
00001100
00000000
00000000
00000000
00000000
00000000
00000000
00000000
00000000
00000000
00000000
00000000
00000000
00000000
00000000
00000000
00000000
00001100
00100101
00111001
01000011
01010100
01110011
10001001
10010101
10011111
10101000
10110011
11000011
11010100
11100000
11100110
11101010
11101111
11110100
11110110
11110110
11110101
11110100
11110101
10110011
10110010
11110011
11110011
11101100
11011110
11000100
10101111
10100100
10011101
10010100
10001000
01110100
01011011
01000101
00111011
00110101
00110000
00101000
00011100
00001101
00000011
00000000
00000000
00000000
00000000
00000000
00000000
00000000
00000000
00000000
00000000
00000000
00000000
00000000
00000000
00000000
00000000
00000000
00000000
00000000
00000000
00000000
00000000
00000010
00001100
00011011
00101001
00110001
00110110
00111011
01000110
01011010
01110101
10001010
10010101
10011101
10100111
10110100
11000110
11011110
11101111
11110101
11110111
10110001
10110100
11110111
11110010
11010011
10011010
01100011
01000110
00111010
00110110
00110000
00101000
00011110
00001111
00000100
00000000
00000000
00000000
00000000
00000000
00000000
00000000
00000000
00000000
00000000
00000000
00000000
00000000
00000000
00000000
00000000
00000000
00000000
00000000
00000000
00000000
00000000
00000000
00000000
00000000
00000000
00000000
00000000
00000000
00000000
00000000
00000000
00000000
00000000
00000000
00000000
00000011
00001101
00011101
00101001
00110001
00110110
00111011
01000111
01100011
10011011
11010110
11110110
11111010
10110101
10110101
11111010
11110000
10110001
01010100
00010011
00000100
00000000
00000000
00000000
00000000
00000000
00000000
00000000
00000000
00000000
00000000
00000000
00000000
00000000
00000000
00000000
00000000
00000000
00000000
00000000
00000000
00000000
00000000
00000000
00000000
00000000
00000000
00000000
00000000
00000000
00000000
00000000
00000000
00000000
00000000
00000000
00000000
00000000
00000000
00000000
00000000
00000000
00000000
00000000
00000000
00000000
00000000
00000000
00000000
00000000
00000000
00000100
00010011
01010011
10110011
11110001
11111001
10110011
10110101
11111100
11110011
10110000
01001100
00001010
00000000
00000000
00000000
00000000
00000000
00000000
00000000
00000000
00000000
00000000
00000000
00000000
00000000
00000000
00000000
00000000
00000000
00000000
00000000
00000000
00000000
00000000
00000000
00000000
00000000
00000000
00000000
00000000
00000000
00000000
00000000
00000000
00000000
00000000
00000000
00000000
00000000
00000000
00000000
00000000
00000000
00000000
00000000
00000000
00000000
00000000
00000000
00000000
00000000
00000000
00000000
00000000
00001010
01001100
10110010
11110010
11111001
10110011
10110100
11110111
11110100
11001111
10000011
00110011
00001010
00000000
00000000
00000000
00000000
00000000
00000000
00000000
00000000
00000000
00000000
00000000
00000000
00000000
00000000
00000000
00000000
00000000
00000000
00000000
00000000
00000000
00000000
00000000
00000000
00000000
00000000
00000000
00000000
00000000
00000000
00000000
00000000
00000000
00000000
00000000
00000000
00000000
00000000
00000000
00000000
00000000
00000000
00000000
00000000
00000000
00000000
00000000
00000000
00000000
00000000
00001100
00111000
10000111
11010100
11110111
11111001
10110011
10110010
11110101
11110101
11101101
11000110
01111110
00110100
00001011
00000000
00000000
00000000
00000000
00000000
00000000
00000000
00000000
00000000
00000000
00000000
00000000
00000000
00000000
00000000
00000000
00000000
00000000
00000000
00000000
00000000
00000000
00000000
00000000
00000000
00000000
00000000
00000000
00000000
00000000
00000000
00000000
00000000
00000000
00000000
00000000
00000000
00000000
00000000
00000000
00000000
00000000
00000000
00000000
00000000
00000000
00000000
00000000
00001100
00111011
10000111
11010000
11110010
11111101
11111001
10110100
10110010
11110101
11110110
11110111
11101111
11001000
01111111
00110110
00001011
00000000
00000000
00000000
00000000
00000000
00000000
00000000
00000000
00000000
00000000
00000000
00000000
00000000
00000000
00000000
00000000
00000000
00000000
00000000
00000000
00000000
00000000
00000000
00000000
00000000
00000000
00000000
00000000
00000000
00000000
00000000
00000000
00000000
00000000
00000000
00000000
00000000
00000000
00000000
00000000
00000000
00000000
00000000
00000000
00000000
00000000
00001010
00110111
10000111
11010011
11110100
11111101
11111011
11111011
10110101
10110011
11111000
11110110
11111010
11111011
11110001
11001010
10000001
00110110
00001011
00000000
00000000
00000000
00000000
00000000
00000000
00000000
00000000
00000000
00000000
00000000
00000000
00000000
00000000
00000000
00000000
00000000
00000000
00000000
00000000
00000000
00000000
00000000
00000000
00000000
00000000
00000000
00000000
00000000
00000000
00000000
00000000
00000000
00000000
00000000
00000000
00000000
00000000
00000000
00000000
00000000
00000000
00000000
00000000
00001011
00110101
10000010
11001110
11110100
11111101
11111010
11111011
11111001
10110101
10110011
11110110
11110111
11111000
11111010
11111010
11101111
11001011
10000011
00111000
00001011
00000000
00000000
00000000
00000000
00000000
00000000
00000000
00000000
00000000
00000000
00000000
00000000
00000000
00000000
00000000
00000000
00000000
00000000
00000000
00000000
00000000
00000000
00000000
00000000
00000000
00000000
00000000
00000000
00000000
00000000
00000000
00000000
00000000
00000000
00000000
00000000
00000000
00000000
00000000
00000000
00000000
00000000
00001011
00110110
10000001
11001010
11110001
11111101
11111010
11111000
11110111
11111000
10110100
10110010
11110101
11110110
11111000
11110111
11111010
11111011
11110011
11001111
10000111
00111010
00001100
00000000
00000000
00000000
00000000
00000000
00000000
00000000
00000000
00000000
00000000
00000000
00000000
00000000
00000000
00000000
00000000
00000000
00000000
00000000
00000000
00000000
00000000
00000000
00000000
00000000
00000000
00000000
00000000
00000000
00000000
00000000
00000000
00000000
00000000
00000000
00000000
00000000
00000000
00000000
00000000
00001100
00111000
10000101
11001101
11110011
11111100
11111100
11111011
11111000
11110111
11111001
10110011
10110001
11110011
11110100
11110100
11110111
11111000
11111011
11111010
11110001
11010000
10001010
00111100
00001101
00000000
00000000
00000000
00000000
00000000
00000000
00000000
00000000
00000000
00000000
00000000
00000000
00000000
00000000
00000000
00000000
00000000
00000000
00000000
00000000
00000000
00000000
00000000
00000000
00000000
00000000
00000000
00000000
00000000
00000000
00000000
00000000
00000000
00000000
00000000
00000000
00000000
00000000
00001100
00111010
10000111
11001110
11110100
11111011
11111010
11111000
11111000
11110111
11110111
11110110
10110100
10110010
11110100
11110011
11110100
11110101
11110111
11111010
11111001
11111001
11110011
11010010
10001011
00111100
00001101
00000000
00000000
00000000
00000000
00000000
00000000
00000000
00000000
00000000
00000000
00000000
00000000
00000000
00000000
00000000
00000000
00000000
00000000
00000000
00000000
00000000
00000000
00000000
00000000
00000000
00000000
00000000
00000000
00000000
00000000
00000000
00000000
00000000
00000000
00000000
00000000
00001100
00111011
10001011
11010010
11110100
11111100
11111011
11111000
11110111
11111001
11111000
11110111
11110110
10110011
10110001
11110100
11110100
11110101
11110110
11110111
11111001
11111000
11111010
11111010
11110100
11010100
10001100
00111101
00001101
00000000
00000000
00000000
00000000
00000000
00000000
00000000
00000000
00000000
00000000
00000000
00000000
00000000
00000000
00000000
00000000
00000000
00000000
00000000
00000000
00000000
00000000
00000000
00000000
00000000
00000000
00000000
00000000
00000000
00000000
00000000
00000000
00000000
00000000
00001111
01000000
10001101
11010100
11110100
11111010
11111010
11111010
11110111
11110110
11111001
11110110
11110101
11110101
10110011
10110001
11110100
11110110
11110110
11110100
11110101
11110110
11111000
11111001
11111000
11111001
11110100
11010101
10001101
00111110
00001101
00000000
00000000
00000000
00000000
00000000
00000000
00000000
00000000
00000000
00000000
00000000
00000000
00000000
00000000
00000000
00000000
00000000
00000000
00000000
00000000
00000000
00000000
00000000
00000000
00000000
00000000
00000000
00000000
00000000
00000000
00000000
00000000
00001110
01000010
10010100
11011010
11110101
11111011
11110111
11111000
11111000
11111001
11110110
11111000
11110101
11110101
11110100
10110010
10110001
11110011
11110110
11110100
11110101
11110100
11110101
11110110
11110111
11110111
11111001
11111011
11110100
11010110
10010001
01000001
00001110
00000000
00000000
00000000
00000000
00000000
00000000
00000000
00000000
00000000
00000000
00000000
00000000
00000000
00000000
00000000
00000000
00000000
00000000
00000000
00000000
00000000
00000000
00000000
00000000
00000000
00000000
00000000
00000000
00000000
00000000
00001110
01000000
10010011
11011100
11111000
11111110
11111010
11111001
11110111
11111000
11110111
11110110
11110111
11110110
11110110
11110101
10110001
10110010
11110100
11110110
11110100
11110011
11110010
11110100
11110100
11110110
11110101
11110111
11110111
11111010
11110101
11011001
10010010
01000000
00001100
00000000
00000000
00000000
00000000
00000000
00000000
00000000
00000000
00000000
00000000
00000000
00000000
00000000
00000000
00000000
00000000
00000000
00000000
00000000
00000000
00000000
00000000
00000000
00000000
00000000
00000000
00000000
00000000
00001100
00111111
10010001
11011010
11110111
11111110
11111100
11111011
11111001
11110111
11110110
11110011
11110101
11110101
11110101
11110101
11110011
10110000
10110010
11110101
11110100
11110100
11110011
11110011
11110011
11110010
11110101
11110100
11110111
11111001
11111011
11111100
11111000
11010101
01111011
00100100
00000000
00000000
00000000
00000000
00000000
00000000
00000000
00000000
00000000
00000000
00000000
00000000
00000000
00000000
00000000
00000000
00000000
00000000
00000000
00000000
00000000
00000000
00000000
00000000
00000000
00000000
00000000
00000000
00100011
01111010
11010100
11111001
11111101
11111100
11111100
11111010
11111001
11110111
11110110
11110100
11110100
11110100
11110101
11110100
11110011
10110000
10110010
11110101
11110100
11110011
11110010
11110100
11110100
11110101
11110110
11110101
11110111
11110111
11111010
11111100
11111110
11101001
10010110
00101111
00000000
00000000
00000000
00000000
00000000
00000000
00000000
00000000
00000000
00000000
00000000
00000000
00000000
00000000
00000000
00000000
00000000
00000000
00000000
00000000
00000000
00000000
00000000
00000000
00000000
00000000
00000000
00000000
00101111
10010110
11101001
11111110
11111101
11111100
11111011
11111000
11110111
11110111
11110110
11110110
11110100
11110100
11110011
11110100
11110011
10110001
10110001
11110100
11110100
11110100
11110011
11110100
11110010
11110101
11110100
11110100
11110101
11111000
11111001
11111011
11111101
11100011
10001001
00101010
00000000
00000000
00000000
00000000
00000000
00000000
00000000
00000000
00000000
00000000
00000000
00000000
00000000
00000000
00000000
00000000
00000000
00000000
00000000
00000000
00000000
00000000
00000000
00000000
00000000
00000000
00000000
00000000
00101010
10001011
11100011
11111011
11111001
11111011
11111000
11110111
11110101
11110110
11110111
11110111
11110101
11110011
11110010
11110011
11110011
10110011
10110001
11110101
11110100
11110011
11110011
11110100
11110110
11110110
11110100
11110100
11110101
11110111
11110111
11111001
11111011
11001111
01101101
00011000
00000000
00000000
00000000
00000000
00000000
00000000
00000000
00000000
00000000
00000000
00000000
00000000
00000000
00000000
00000000
00000000
00000000
00000000
00000000
00000000
00000000
00000000
00000000
00000000
00000000
00000000
00000000
00000000
00011010
01110001
11010010
11111100
11111001
11111001
11111000
11111000
11110110
11110110
11111000
11110111
11110111
11110100
11110010
11110100
11110110
10110011
10110001
11110011
11110101
11110100
11110011
11110011
11110011
11110100
11110011
11110011
11110100
11110110
11111000
11111001
11111000
10111011
01010001
00001001
00000000
00000000
00000000
00000000
00000000
00000000
00000000
00000000
00000000
00000000
00000000
00000000
00000000
00000000
00000000
00000000
00000000
00000000
00000000
00000000
00000000
00000000
00000000
00000000
00000000
00000000
00000000
00000000
00001001
01010010
10111111
11111010
11111010
11111001
11111010
11111000
11111000
11110101
11111001
11110110
11110101
11110011
11110010
11110011
11110100
10110011
10110001
11110100
11110100
11110100
11110100
11110011
11110101
11110100
11110101
11110010
11110111
11110111
11111001
11111001
11110100
10101100
00111111
00000001
00000000
00000000
00000000
00000000
00000000
00000000
00000000
00000000
00000000
00000000
00000000
00000000
00000000
00000000
00000000
00000000
00000000
00000000
00000000
00000000
00000000
00000000
00000000
00000000
00000000
00000000
00000000
00000000
00000001
01000001
10110000
11111000
11111010
11111001
11111001
11111001
11110111
11110101
11111001
11110111
11110111
11110100
11110011
11110010
11110011
10110001
10110011
11110011
11110100
11110010
11110011
11110010
11110011
11110010
11110011
11110100
11110100
11110110
11111000
11111010
11101011
10100000
00110111
00000000
00000000
00000000
00000000
00000000
00000000
00000000
00000000
00000000
00000000
00000000
00000000
00000000
00000000
00000000
00000000
00000000
00000000
00000000
00000000
00000000
00000000
00000000
00000000
00000000
00000000
00000000
00000000
00000000
00000000
00111000
10100011
11110000
11111011
11111010
11111010
11111000
11110110
11110111
11110111
11110110
11110111
11110101
11110101
11110100
11110011
10110000
10110011
11110100
11110100
11110011
11110011
11110001
11110100
11110101
11110110
11110011
11110101
11110110
11110111
11111001
11100101
10010011
00101111
00000000
00000000
00000000
00000000
00000000
00000000
00000000
00000000
00000000
00000000
00000000
00000000
00000000
00000000
00000000
00000000
00000000
00000000
00000000
00000000
00000000
00000000
00000000
00000000
00000000
00000000
00000000
00000000
00000000
00000000
00110000
10010101
11100111
11111010
11111001
11111001
11111000
11110110
11110101
11110101
11110100
11110111
11110110
11111001
11110101
11110011
10110000
10110010
11110011
11110100
11110011
11110010
11110010
11110011
11110100
11110101
11110110
11110101
11110110
11111000
11111011
11011100
10000011
00100101
00000000
00000000
00000000
00000000
00000000
00000000
00000000
00000000
00000000
00000000
00000000
00000000
00000000
00000000
00000000
00000000
00000000
00000000
00000000
00000000
00000000
00000000
00000000
00000000
00000000
00000000
00000000
00000000
00000000
00000000
00100101
10000011
11011100
11111001
11111000
11111010
11111000
11111001
11110101
11110100
11110011
11110111
11111000
11110111
11110101
11110100
10101111
10110001
11110100
11110011
11110011
11110010
11110010
11110011
11110100
11110100
11110101
11110111
11111000
11111001
11111010
11001010
01100111
00010101
00000000
00000000
00000000
00000000
00000000
00000000
00000000
00000000
00000000
00000000
00000000
00000000
00000000
00000000
00000000
00000000
00000000
00000000
00000000
00000000
00000000
00000000
00000000
00000000
00000000
00000000
00000000
00000000
00000000
00000000
00010110
01101010
11001100
11111010
11111001
11110111
11110111
11110110
11110100
11110011
11110011
11110100
11110101
11110110
11110100
11110010
10101111
10110001
11110100
11110010
11110011
11110011
11110010
11110011
11110011
11110100
11110110
11110111
11110111
11111010
11111000
10111010
01001101
00000111
00000000
00000000
00000000
00000000
00000000
00000000
00000000
00000000
00000000
00000000
00000000
00000000
00000000
00000101
00001011
00001011
00000100
00000000
00000000
00000000
00000000
00000000
00000000
00000000
00000000
00000000
00000000
00000000
00000000
00000000
00000111
01001110
10111001
11110111
11110111
11110111
11110101
11110101
11110100
11110011
11110011
11110100
11110100
11110011
11110010
11110010
10110000
10110001
11110011
11110010
11110001
11110011
11110010
11110100
11110011
11110100
11110101
11110111
11110110
11110111
11110010
10101001
00111101
00000000
00000000
00000000
00000000
00000000
00000000
00000000
00000000
00000000
00000000
00000000
00000000
00000011
00010011
00110011
01010000
01001110
00110000
00010001
00000011
00000000
00000000
00000000
00000000
00000000
00000000
00000000
00000000
00000000
00000000
00000000
00000000
00111110
10101100
11110011
11111000
11110101
11110110
11110110
11110100
11110011
11110010
11110011
11110011
11110100
11110100
11110011
10110001
10110000
11110010
11110010
11110010
11110011
11110011
11110100
11110011
11110100
11110100
11110101
11110110
11111000
11101010
10011110
00110110
00000000
00000000
00000000
00000000
00000000
00000000
00000000
00000000
00000000
00000000
00000001
00001110
00101101
01011101
10010011
10110111
10110100
10001101
01011001
00101010
00001110
00000001
00000000
00000000
00000000
00000000
00000000
00000000
00000000
00000000
00000000
00000000
00111001
10100011
11101111
11111001
11111000
11111000
11110110
11110110
11110100
11110011
11110010
11110011
11110011
11110100
11110100
10110010
10110001
11110011
11110010
11110010
11110010
11110011
11110011
11110100
11110011
11110101
11110101
11110100
11110110
11100010
10010000
00101110
00000000
00000000
00000000
00000000
00000000
00000000
00000000
00000000
00000000
00001011
00100101
01010001
10001000
10111101
11100010
11110110
11110100
11011111
10111000
10000101
01010010
00101000
00001101
00000000
00000000
00000000
00000000
00000000
00000000
00000000
00000000
00000000
00110001
10010111
11100110
11111001
11110110
11110110
11111000
11110110
11110100
11110011
11110010
11110101
11110101
11110101
11110011
10110010
10110010
11110100
11110010
11110001
11110011
11110100
11110011
11110011
11110100
11110110
11110111
11110110
11111000
11011000
01111111
00100011
00000000
00000000
00000000
00000000
00000000
00000000
00000000
00001010
00100010
01001011
10000000
10110110
11011100
11110110
11111011
11111101
11111100
11111001
11110001
11010111
10110101
10000010
01001110
00100010
00001010
00000000
00000000
00000000
00000000
00000000
00000000
00000000
00100101
10000010
11011001
11111001
11110110
11110111
11110110
11111000
11110110
11110100
11110010
11110011
11110010
11110011
11110010
10110001
10110010
11110101
11110011
11110010
11110011
11110100
11110100
11110011
11110100
11110101
11110110
11110101
11110101
11000111
01100011
00010011
00000000
00000000
00000000
00000000
00000000
00001001
00100000
01001000
01111011
10101110
11011000
11110010
11111100
11111100
11111101
11111100
11111010
11111001
11111001
11111000
11110011
11011001
10110000
01111011
01001001
00100000
00001010
00000000
00000000
00000000
00000000
00000000
00010100
01100101
11000111
11111000
11110110
11110101
11110110
11110111
11110110
11110011
11110010
11110011
11110010
11110011
11110010
10110000
10110001
11110011
11110010
11110011
11110011
11110011
11110011
11110011
11110011
11110100
11110101
11110101
11110011
10110010
01001001
00000110
00000000
00000000
00000000
00001000
00011110
01000011
01110100
10101010
11010101
11101111
11111011
11111010
11111001
11111011
11111011
11111001
11111001
11111000
11110111
11111001
11111011
11111011
11110000
11010101
10101011
01110111
01000101
00011101
00001000
00000000
00000000
00000000
00000110
01001010
10110101
11110011
11110110
11110100
11110101
11110110
11110110
11110011
11110010
11110010
11110010
11110010
11110010
10110000
10110001
11110011
11110011
11110011
11110001
11110010
11110011
11110010
11110101
11110100
11110100
11110111
11101110
10100111
00111011
00000000
00000000
00001000
00011100
01000010
01110010
10100101
11001111
11101100
11111011
11111100
11111011
11111000
11110111
11110110
11110111
11111000
11110110
11110110
11110101
11110110
11111001
11111011
11111100
11111010
11101110
11010010
10100101
01110000
01000000
00011011
00001000
00000000
00000000
00111110
10101010
11110010
11110110
11110100
11110100
11110101
11110100
11110011
11110010
11110010
11110010
11110001
11110010
10110000
10110001
11110010
11110010
11110010
11110010
11110001
11110010
11110100
11110011
11110101
11110111
11110110
11110001
10110010
01001110
00010000
00011001
00111110
01101101
10100011
11001111
11101010
11110111
11111001
11111010
11111001
11111001
11110101
11110101
11110011
11110101
11110110
11110110
11110110
11110011
11110011
11110101
11111000
11111010
11111011
11111001
11110111
11101011
11001101
10011110
01101101
00111100
00011010
00010001
01010000
10111000
11110011
11110111
11110110
11110011
11110100
11110001
11110011
11110101
11110011
11110011
11110010
11110010
10110000
10110001
11110010
11110001
11110011
11110011
11110100
11110100
11110100
11110101
11110100
11110110
11111001
11110110
11010101
10001110
01011100
01101010
10011101
11001011
11101010
11111001
11111100
11111010
11111001
11111000
11110111
11110111
11110011
11110100
11110010
11110100
11110111
11110110
11110110
11110101
11110100
11110100
11110101
11110111
11111000
11110111
11111000
11111001
11110101
11101000
11001000
10011111
01101101
01100001
10010001
11010111
11111000
11110110
11110110
11110011
11110100
11110010
11110100
11110100
11110101
11110001
11110001
11110001
10110000
10110001
11110001
11110010
11110011
11110010
11110100
11110011
11110011
11110011
11110011
11110101
11110111
11111000
11110000
11010111
11000001
11001010
11100111
11111000
11111100
11111100
11111001
11111010
11111000
11111001
11110111
11111001
11110111
11110110
11110011
11110100
11110111
11110111
11111000
11111000
11110111
11110101
11110101
11110110
11110110
11110101
11110110
11111000
11111001
11111010
11111000
11101000
11010000
11000110
11011010
11110100
11111010
11110111
11110100
11110011
11110011
11110010
11110011
11110100
11110010
11110010
11110010
11110010
10110000
10110001
11110010
11110010
11110100
11110100
11110100
11110100
11110100
11110011
11110010
11110100
11110110
11110110
11110111
11110110
11110110
11110110
11111001
11111011
11111001
11111000
11110111
11111000
11110111
11110111
11110111
11110110
11110110
11110101
11110100
11110101
11110111
11110111
11111001
11111001
11111000
11110101
11110100
11110011
11110100
11110101
11110111
11110111
11110101
11111000
11111000
11111010
11111001
11111010
11111000
11111010
11111000
11110101
11110011
11110010
11110010
11110010
11110010
11110010
11110010
11110010
11110010
11110010
10110000
10110001
11110010
11110011
11110010
11110011
11110001
11110011
11110010
11110011
11110010
11110011
11110100
11110101
11110100
11110101
11110111
11111000
11111000
11111001
11110110
11110110
11110100
11110110
11110110
11110111
11110111
11110101
11110110
11110100
11110101
11110100
11111000
11110101
11110111
11110110
11110111
11110111
11110111
11110110
11110100
11110101
11110111
11111000
11110110
11110110
11110111
11111001
11111000
11111001
11110111
11110110
11110101
11110100
11110100
11110011
11110010
11110010
11110010
11110011
11110011
11110011
11110010
11110010
10110000
10110001
11110010
11110011
11110010
11110010
11110011
11110010
11110100
11110010
11110011
11110100
11110111
11110110
11110110
11110101
11110110
11110110
11110100
11110101
11110110
11110101
11110100
11110100
11110110
11110110
11110111
11110110
11110100
11110010
11110100
11110110
11110101
11110110
11110110
11110111
11110110
11110111
11110100
11110100
11110100
11110100
11110110
11110101
11111000
11110111
11111010
11111001
11111001
11110111
11110110
11110100
11110011
11110100
11110100
11110011
11110010
11110010
11110010
11110100
11110011
11110101
11110011
11110010
10101111
10000000
10110000
10110000
10110000
10101111
10110000
10110001
10110000
10110001
10110001
10110001
10110010
10110010
10110011
10110010
10110001
10110010
10110010
10110010
10110010
10110001
10110010
10110010
10110010
10110011
10110011
10110011
10110001
10110000
10110001
10110001
10110001
10110001
10110010
10110100
10110100
10110100
10110100
10110010
10110011
10110011
10110100
10110011
10110101
10111000
10110111
10110111
10110101
10110011
10110011
10110000
10110000
10110001
10110001
10110001
10110000
10101111
10101111
10110010
10110001
10110011
10110001
10110001
10000000
