00000000
11110100
11110011
11110011
11110011
11110011
11110011
11110011
11110011
11110100
11110011
11110010
11110010
11110011
11110011
11110010
11110010
11110010
11110011
11110010
11110011
11110011
11110011
11110011
11110010
11110011
11110011
11110011
11110010
11110010
11110010
11110011
11110100
11110100
11110101
11110011
11110100
11110100
11110100
11110100
11110100
11110100
11110011
11110011
11110011
11110011
11110011
11110011
11110011
11110011
11110011
11110011
11110011
11110011
11110011
11110010
11110010
11110010
11110011
11110011
11110011
11110011
11110011
00000000
11110011
11110100
11110100
11110100
11110011
11110011
11110011
11110011
11110011
11110100
11110100
11110100
11110100
11110101
11110011
11110011
11110011
11110011
11110011
11110011
11110100
11110101
11110101
11110100
11110011
11110011
11110011
11110011
11110011
11110100
11110011
11110100
11110100
11110100
11110101
11110100
11110100
11110100
11110100
11110110
11110110
11110110
11110100
11110100
11110100
11110100
11110100
11110011
11110100
11110011
11110011
11110011
11110011
11110011
11110100
11110100
11110011
11110011
11110100
11110100
11110100
11110011
11110100
11110011
11110011
11110100
11110100
11110011
11110011
11110011
11110011
11110011
11110011
11110011
11110011
11110100
11110100
11110100
11110100
11110011
11110011
11110011
11110011
11110011
11110100
11110101
11110101
11110011
11110011
11110011
11110011
11110100
11110100
11110100
11110100
11110011
11110011
11110011
11110110
11110100
11110100
11110100
11110100
11110101
11110101
11110100
11110100
11110101
11110100
11110100
11110100
11110100
11110100
11110100
11110100
11110011
11110100
11110101
11110101
11110011
11110011
11110011
11110011
11110100
11110100
11110100
11110100
11110011
11110011
11110100
11110100
11110100
11110011
11110010
11110011
11110011
11110011
11110011
11110011
11110100
11110100
11110101
11110101
11110011
11110011
11110011
11110011
11110011
11110100
11110100
11110011
11110011
11110011
11110011
11110100
11110100
11110100
11110101
11110100
11110011
11110011
11110011
11110100
11110100
11110100
11110100
11110101
11110101
11110110
11110110
11110100
11110100
11110100
11110100
11110100
11110100
11110011
11110100
11110100
11110100
11110101
11110101
11110011
11110011
11110011
11110100
11110100
11110100
11110100
11110100
11110100
11110011
11110100
11110100
11110100
11110100
11110011
11110011
11110011
11110011
11110011
11110011
11110100
11110100
11110100
11110101
11110100
11110100
11110011
11110011
11110011
11110100
11110100
11110011
11110011
11110011
11110011
11110100
11110100
11110100
11110100
11110100
11110100
11101111
11101111
11110011
11110110
11110100
11110100
11110100
11110101
11110101
11110100
11110100
11110100
11110011
11110011
11110011
11110100
11110100
11110100
11110100
11110100
11110100
11110100
11110011
11110011
11110100
11110100
11110100
11110100
11110100
11110100
11110100
11110011
11110011
11110100
11110111
11110111
11110100
11110010
11110010
11110100
11110011
11110100
11110011
11110100
11110100
11110100
11110100
11110100
11110100
11110100
11110100
11110100
11110100
11110100
11110011
11110100
11110011
11110011
11110011
11110100
11110100
11110100
11110011
11100110
00110101
00110101
11101011
11110010
11110011
11110100
11110100
11110100
11110100
11110100
11110100
11110100
11110100
11110100
11110011
11110100
11110011
11110011
11110011
11110100
11110100
11110100
11110011
11110011
11110011
11110100
11110100
11110100
11110100
11110100
11110101
11110101
11110011
11110100
11110101
11110101
11110100
11110011
11110011
11110100
11110100
11110100
11110011
11110100
11110100
11110100
11110100
11110100
11110100
11110100
11110100
11110100
11110100
11110100
11110100
11110100
11110100
11110100
11110100
11110101
11110111
11110100
11100110
00110101
00000000
00000000
00110101
11101011
11110101
11110100
11110100
11110100
11110100
11110100
11110100
11110100
11110100
11110100
11110011
11110100
11110100
11110100
11110011
11110011
11110100
11110100
11110011
11110011
11110011
11110100
11110100
11110100
11110100
11110100
11110100
11110100
11110011
11110100
11110101
11110101
11110100
11110011
11110011
11110011
11110011
11110011
11110011
11110100
11110100
11110100
11110011
11110011
11110100
11110101
11110101
11110100
11110100
11110100
11110100
11110100
11110100
11110100
11110100
11110101
11110101
11110101
10101101
00000000
00000000
00000000
00000000
10101011
11110101
11110101
11110100
11110100
11110100
11110011
11110011
11110100
11110100
11110100
11110100
11110100
11110011
11110011
11110011
11110011
11110100
11110100
11110100
11110011
11110011
11110100
11110100
11110011
11110100
11110100
11110100
11110100
11110011
11110011
11110100
11110100
11110100
11110011
11110011
11110011
11110100
11110011
11110100
11110100
11110100
11110100
11110011
11110011
11110011
11110100
11110011
11110011
11110100
11110100
11110100
11110011
11110100
11110101
11110100
11110101
11110101
11100111
00110101
00000000
00000000
00000000
00000000
00110101
11101100
11110101
11110111
11110100
11110100
11110011
11110011
11110011
11110100
11110100
11110100
11110100
11110011
11110011
11110011
11110011
11110100
11110100
11110100
11110100
11110100
11110100
11110100
11110011
11110100
11110100
11110100
11110100
11110100
11110011
11110011
11110100
11110100
11110011
11110011
11110011
11110011
11110011
11110100
11110100
11110100
11110100
11110011
11110011
11110011
11110100
11110100
11110111
11110100
11110101
11110100
11110011
11110100
11110111
11110111
11110111
11110011
10101111
00000000
00000000
00000000
00000000
00000000
00000000
10111011
11110100
11110101
11110101
11110100
11110011
11110011
11110101
11110101
11110100
11110100
11110011
11110011
11110011
11110100
11110100
11110101
11110110
11110100
11110100
11110100
11110100
11110100
11110100
11110100
11110100
11110100
11110100
11110100
11110011
11110011
11110011
11110011
11110100
11110011
11110011
11110011
11110011
11110100
11110011
11110011
11110011
11110011
11110011
11110100
11110101
11110100
11110111
11110100
11110111
11110100
11110111
11110101
11110111
11110111
11110111
11100100
00111011
00000000
00000000
00000000
00000000
00000000
00000000
00111000
11110011
11110101
11110100
11110100
11110100
11110100
11110100
11110100
11110100
11110100
11110011
11110100
11110011
11110100
11110011
11110011
11110100
11110100
11110100
11110011
11110011
11110100
11110100
11110100
11110100
11110100
11110100
11110100
11110010
11110011
11110011
11110011
11110100
11110011
11110011
11110011
11110011
11110011
11110011
11110011
11110011
11110100
11110011
11110100
11110101
11110111
11110111
11110100
11110100
11110100
11111000
11110111
11110111
11110111
11110111
10110010
00000000
00000000
00000000
00000000
00000000
00000000
00000000
00000000
10110001
11110100
11110100
11110110
11110110
11110111
11110110
11110110
11110100
11110011
11110011
11110100
11110100
11110101
11110011
11110100
11110011
11110100
11110011
11110011
11110011
11110011
11110011
11110011
11110011
11110100
11110100
11110100
11110010
11110011
11110011
11110011
11110100
11110100
11110100
11110100
11110100
11110011
11110011
11110011
11110100
11110100
11110011
11110100
11110101
11110111
11110101
11110100
11110100
11110101
11111000
11110101
11110101
11110101
11101101
00111100
00000000
00000000
00000000
00000000
00000000
00000000
00000000
00000000
00111100
11110011
11110110
11110111
11110111
11110111
11110100
11110100
11110100
11110100
11110011
11110100
11110100
11110100
11110011
11110011
11110011
11110011
11110011
11110011
11110011
11110011
11110011
11110011
11110011
11110011
11110011
11110011
11110010
11110011
11110011
11110011
11110100
11110100
11110100
11110011
11110100
11110011
11110011
11110011
11110011
11110100
11110011
11110100
11110100
11110111
11110101
11110101
11110100
11110111
11111000
11111000
11110101
11110100
10110011
00000000
00000000
00000000
00000000
00000000
00000000
00000000
00000000
00000000
00000000
11000001
11110110
11111010
11111010
11110111
11110110
11110111
11110111
11110111
11110101
11110101
11110101
11110101
11110101
11110100
11110011
11110011
11110100
11110100
11110011
11110011
11110011
11110011
11110011
11110011
11110011
11110011
11110010
11110011
11110011
11110100
11110100
11110100
11110100
11110100
11110101
11110011
11110011
11110011
11110100
11110100
11110011
11110100
11110100
11110101
11110101
11110101
11110101
11110111
11111000
11111000
11110101
11100111
01000001
00000000
00000000
00000000
00000000
00000000
00000000
00000000
00000000
00000000
00000000
01000111
11110110
11111000
11111010
11111010
11110111
11110111
11110111
11110111
11110101
11110101
11110101
11110101
11110100
11110100
11110011
11110011
11110100
11110100
11110100
11110100
11110100
11110100
11110100
11110011
11110100
11110011
11110011
11110100
11110100
11110100
11110100
11110100
11110100
11110101
11110101
11110011
11110011
11110011
11110011
11110011
11110011
11110100
11110100
11110101
11110101
11110111
11110111
11111000
11111010
11111010
11110101
10110110
00000000
00000000
00000000
00000000
00000000
00000000
00000000
00000000
00000000
00000000
00000000
00000000
10111111
11110111
11111010
11111000
11111000
11110111
11110111
11110100
11110011
11110100
11110101
11110101
11110100
11110100
11110100
11110011
11110100
11110100
11110100
11110100
11110011
11110100
11110100
11110100
11110100
11110100
11110011
11110100
11110100
11110100
11110100
11110100
11110100
11110101
11110101
11110011
11110011
11110011
11110011
11110011
11110100
11110110
11110100
11110101
11110101
11110101
11110110
11110111
11111010
11111010
11101001
01000101
00000000
00000000
00000000
00000000
00000000
00000000
00000000
00000000
00000000
00000000
00000000
00000000
01000110
11110110
11111000
11111010
11111010
11110100
11110100
11110011
11110011
11110011
11110101
11110111
11110101
11110100
11110100
11110100
11110100
11110100
11110101
11110101
11110011
11110100
11110011
11110100
11110100
11110011
11110011
11110101
11110101
11110110
11110100
11110100
11110100
11110100
11110011
11110011
11110100
11110100
11110011
11110100
11110100
11110111
11110100
11110111
11110101
11110111
11110111
11111000
11111000
11110100
11000001
00000000
00000000
00000000
00000000
00000000
00000000
00000000
00000000
00000000
00000000
00000000
00000000
00000000
00000000
10111000
11110111
11110111
11110111
11110100
11110100
11110100
11110100
11110011
11111000
11110111
11110111
11110100
11110100
11110100
11110100
11110100
11110100
11110101
11110011
11110011
11110011
11110011
11110100
11110011
11110011
11110100
11110100
11110100
11110100
11110100
11110100
11110100
11110100
11110100
11110100
11110111
11110100
11110100
11110100
11110110
11110100
11110110
11110101
11110111
11110111
11111000
11111000
11110000
01001011
00000000
00000000
00000000
00000000
00000000
00000000
00000000
00000000
00000000
00000000
00000000
00000000
00000000
00000000
01001111
11110111
11110111
11110111
11110111
11110101
11110101
11110101
11110100
11110100
11110111
11110111
11110111
11110100
11110100
11110100
11110100
11110011
11110011
11110100
11110011
11110011
11110011
11110011
11110011
11110011
11110100
11110100
11110100
11110011
11110100
11110100
11110101
11110101
11110110
11110110
11110111
11110101
11110111
11110111
11110111
11110111
11110111
11111000
11111000
11111000
11111000
11111000
11000000
00000000
00000000
00000000
00000000
00000000
00000000
00000000
00000000
00000000
00000000
00000000
00000000
00000000
00000000
00000000
00000000
11000100
11110111
11111010
11111010
11111010
11110101
11110100
11110100
11110110
11110111
11111000
11110111
11110111
11110100
11110100
11110100
11110011
11110011
11110100
11110100
11110100
11110100
11110100
11110011
11110011
11110100
11110011
11110100
11110100
11110100
11110101
11110101
11110101
11110110
11110101
11110110
11110111
11110111
11110111
11110111
11110111
11111000
11111000
11110111
11110111
11110111
11010010
01001101
00000000
00000000
00000000
00000000
00000000
00000000
00000000
00000000
00000000
00000000
00000000
00000000
00000000
00000000
00000000
00000000
01001011
11011110
11110111
11111010
11111111
11110111
11110111
11110110
11110110
11111111
11111111
11111011
11111000
11110111
11110100
11110100
11110100
11110101
11110111
11110101
11110100
11110100
11110100
11110011
11110011
11110100
11110011
11110100
11110100
11110111
11110101
11110110
11110101
11110110
11110111
11110111
11111010
11110111
11110111
11110111
11110111
11110110
11110100
11110010
11100101
11010010
01001101
00000000
00000000
00000000
00000000
00000000
00000000
00000000
00000000
00000000
00000000
00000000
00000000
00000000
00000000
00000000
00000000
00000000
00000000
01001011
11011110
11100001
11101101
11110100
11110100
11110100
11110110
11111111
11111111
11111011
11111011
11111010
11111010
11110111
11110111
11110111
11110111
11110111
11110101
11110100
11110100
11110011
11110011
11110011
11110100
11110101
11110101
11110111
11110100
11110100
11110100
11110100
11110100
11110101
11110101
11101000
11011011
11000011
10110001
10010011
01110010
00100100
00000000
00000000
00000000
00000000
00000000
00000000
00000000
00000000
00000000
00000000
00000000
00000000
00000000
00000000
00000000
00000000
00000000
00000000
00000000
00000000
00000000
00000000
00000000
00000000
00011111
01101011
10100001
10110000
11000010
11011101
11101001
11111000
11111011
11111000
11110101
11110101
11110111
11110111
11110111
11110101
11110101
11110100
11110100
11110011
11110011
11110011
11110011
11110011
11110011
11110011
11100010
11010100
11000111
10110001
10010101
01110111
00110000
00000000
00000000
00000000
00000000
00000000
00000000
00000000
00000000
00000000
00000000
00000000
00000000
00000000
00000000
00000000
00000000
00000000
00000000
00000000
00000000
00000000
00000000
00000000
00000000
00000000
00000000
00000000
00000000
00000000
00000000
00000000
00000000
00000000
00000000
00000000
00000000
00000000
00000000
00101010
01110000
10100100
10110000
11000110
11010111
11101001
11110010
11110100
11110100
11110101
11110101
11110100
11110011
11110110
11110101
11110010
11010001
00111011
00000000
00000000
00000000
00000000
00000000
00000000
00000000
00000000
00000000
00000000
00000000
00000000
00000000
00000000
00000000
00000000
00000000
00000000
00000000
00000000
00000000
00000000
00000000
00000000
00000000
00000000
00000000
00000000
00000000
00000000
00000000
00000000
00000000
00000000
00000000
00000000
00000000
00000000
00000000
00000000
00000000
00000000
00000000
00000000
00000000
00000000
00000000
00000000
00000000
00000000
00000000
00000000
00111011
11010001
11110100
11110111
11110111
11110101
11110110
11111001
11110110
11010001
00111011
00000000
00000000
00000000
00000000
00000000
00000000
00000000
00000000
00000000
00000000
00000000
00000000
00000000
00000000
00000000
00000000
00000000
00000000
00000000
00000000
00000000
00000000
00000000
00000000
00000000
00000000
00000000
00000000
00000000
00000000
00000000
00000000
00000000
00000000
00000000
00000000
00000000
00000000
00000000
00000000
00000000
00000000
00000000
00000000
00000000
00000000
00000000
00000000
00000000
00000000
00000000
00000000
00000000
00000000
00111011
11010001
11110111
11111010
11110011
11110111
11111001
11111000
11010001
00000000
00000000
00000000
00000000
00000000
00000000
00000000
00000000
00000000
00000000
00000000
00000000
00000000
00000000
00000000
00000000
00000000
00000000
00000000
00000000
00000000
00000000
00000000
00000000
00000000
00000000
00000000
00000000
00000000
00000000
00000000
00000000
00000000
00000000
00000000
00000000
00000000
00000000
00000000
00000000
00000000
00000000
00000000
00000000
00000000
00000000
00000000
00000000
00000000
00000000
00000000
00000000
00000000
00000000
00000000
00000000
11010001
11111001
11111010
11110011
11110011
11110111
11110111
11110001
10000111
00000000
00000000
00000000
00000000
00000000
00000000
00000000
00000000
00000000
00000000
00000000
00000000
00000000
00000000
00000000
00000000
00000000
00000000
00000000
00000000
00000000
00000000
00000000
00000000
00000000
00000000
00000000
00000000
00000000
00000000
00000000
00000000
00000000
00000000
00000000
00000000
00000000
00000000
00000000
00000000
00000000
00000000
00000000
00000000
00000000
00000000
00000000
00000000
00000000
00000000
00000000
00000000
00000000
00000000
10011111
11111000
11111010
11111001
11110011
11110011
11110011
11110011
11110011
11101101
10000111
00000000
00000000
00000000
00000000
00000000
00000000
00000000
00000000
00000000
00000000
00000000
00000000
00000000
00000000
00000000
00000000
00000000
00000000
00000000
00000000
00000000
00000000
00000000
00000000
00000000
00000000
00000000
00000000
00000000
00000000
00000000
00000000
00000000
00000000
00000000
00000000
00000000
00000000
00000000
00000000
00000000
00000000
00000000
00000000
00000000
00000000
00000000
00000000
00000000
00000000
00000000
00000000
10011111
11111000
11111010
11111010
11111010
11110101
11110011
11110011
11110011
11110111
11110111
11101101
10001111
00000000
00000000
00000000
00000000
00000000
00000000
00000000
00000000
00000000
00000000
00000000
00000000
00000000
00000000
00000000
00000000
00000000
00000000
00000000
00000000
00000000
00000000
00000000
00000000
00000000
00000000
00000000
00000000
00000000
00000000
00000000
00000000
00000000
00000000
00000000
00000000
00000000
00000000
00000000
00000000
00000000
00000000
00000000
00000000
00000000
00000000
00000000
00000000
00000000
00000000
10011111
11111000
11111000
11111000
11111010
11111000
11110111
11110011
11110111
11110111
11110111
11110111
11111000
11101100
10010001
00000000
00000000
00000000
00000000
00000000
00000000
00000000
00000000
00000000
00000000
00000000
00000000
00000000
00000000
00000000
00000000
00000000
00000000
00000000
00000000
00000000
00000000
00000000
00000000
00000000
00000000
00000000
00000000
00000000
00000000
00000000
00000000
00000000
00000000
00000000
00000000
00000000
00000000
00000000
00000000
00000000
00000000
00000000
00000000
00000000
00000000
00000000
00000000
10010000
11110011
11111011
11111001
11111000
11111000
11111000
11110111
11110011
11110111
11110111
11110111
11110111
11111010
11111010
11101100
10010100
00000000
00000000
00000000
00000000
00000000
00000000
00000000
00000000
00000000
00000000
00000000
00000000
00000000
00000000
00000000
00000000
00000000
00000000
00000000
00000000
00000000
00000000
00000000
00000000
00000000
00000000
00000000
00000000
00000000
00000000
00000000
00000000
00000000
00000000
00000000
00000000
00000000
00000000
00000000
00000000
00000000
00000000
00000000
00000000
00000000
00000000
10010000
11110011
11111011
11111011
11111011
11111000
11110111
11110111
11110110
11110011
11110100
11110110
11110111
11110111
11111010
11111011
11111011
11110111
10010111
00000000
00000000
00000000
00000000
00000000
00000000
00000000
00000000
00000000
00000000
00000000
00000000
00000000
00000000
00000000
00000000
00000000
00000000
00000000
00000000
00000000
00000000
00000000
00000000
00000000
00000000
00000000
00000000
00000000
00000000
00000000
00000000
00000000
00000000
00000000
00000000
00000000
00000000
00000000
00000000
00000000
00000000
00000000
00000000
10010101
11110100
11111011
11111011
11111011
11111000
11111000
11110111
11110111
11110101
11110011
11110100
11110100
11110100
11110110
11110111
11111011
11111011
11111000
11110111
10100010
00000000
00000000
00000000
00000000
00000000
00000000
00000000
00000000
00000000
00000000
00000000
00000000
00000000
00000000
00000000
00000000
00000000
00000000
00000000
00000000
00000000
00000000
00000000
00000000
00000000
00000000
00000000
00000000
00000000
00000000
00000000
00000000
00000000
00000000
00000000
00000000
00000000
00000000
00000000
00000000
00000000
00000000
10011010
11111010
11111100
11111111
11111111
11111000
11111000
11111000
11110101
11110101
11110100
11110011
11110100
11110100
11110100
11110100
11110111
11111000
11110111
11110111
11110111
11110111
10100111
00000000
00000000
00000000
00000000
00000000
00000000
00000000
00000000
00000000
00000000
00000000
00000000
00000000
00000000
00000000
00000000
00000000
00000000
00000000
00000000
00000000
00000000
00000000
00000000
00000000
00000000
00000000
00000000
00000000
00000000
00000000
00000000
00000000
00000000
00000000
00000000
00000000
00000000
00000000
00000000
10100000
11111010
11111011
11111011
11111011
11110111
11110111
11110111
11111000
11110111
11110100
11110100
11110011
11110100
11110100
11110100
11110100
11110111
11110111
11111000
11111000
11110111
11110111
11110111
10101001
00000000
00000000
00000000
00000000
00000000
00000000
00000000
00000000
00000000
00000000
00000000
00000000
00000000
00000000
00000000
00000000
00000000
00000000
00000000
00000000
00000000
00000000
00000000
00000000
00000000
00000000
00000000
00000000
00000000
00000000
00000000
00000000
00000000
00000000
00000000
00000000
00000000
00000000
10100101
11111100
11111010
11111010
11111010
11111011
11110111
11110111
11110111
11110111
11110100
11110100
11110100
11110011
11110100
11110100
11110100
11110100
11110100
11110111
11110111
11111010
11110111
11110111
11110111
11110111
10101001
00000000
00000000
00000000
00000000
00000000
00000000
00000000
00000000
00000000
00000000
00000000
00000000
00000000
00000000
00000000
00000000
00000000
00000000
00000000
00000000
00000000
00000000
00000000
00000000
00000000
00000000
00000000
00000000
00000000
00000000
00000000
00000000
00000000
00000000
00000000
00000000
10110101
11111100
11111100
11111010
11111000
11110111
11111000
11110111
11110111
11110111
11110100
11110100
11110100
11110010
11110011
11110100
11110100
11110100
11110100
11110100
11110100
11110101
11110111
11110111
11110111
11110111
11111010
11110111
10110011
00000000
00000000
00000000
00000000
00000000
00000000
00000000
00000000
00000000
00000000
00000000
00000000
00000000
00000000
00000000
00000000
00000000
00000000
00000000
00000000
00000000
00000000
00000000
00000000
00000000
00000000
00000000
00000000
00000000
00000000
00000000
00000000
00000000
00000000
10110110
11111101
11111101
11111011
11111010
11111010
11110111
11110111
11110111
11110111
11110111
11110101
11110101
11110011
11110010
11110100
11110100
11110100
11110011
11110100
11110011
11110100
11110100
11110101
11110101
11110111
11110111
11111010
11111011
11111011
10110011
00000000
00000000
00000000
00000000
00000000
00000000
00000000
00000000
00000000
00000000
00000000
00000000
00000000
00000000
00000000
00000000
00000000
00000000
00000000
00000000
00000000
00000000
00000000
00000000
00000000
00000000
00000000
00000000
00000000
00000000
00000000
00000000
10110101
11111101
11111101
11111011
11111010
11111010
11111010
11110111
11110101
11110100
11110100
11110101
11110101
11110101
11110011
11110010
11110100
11110100
11110011
11110011
11110011
11110011
11110011
11110100
11110101
11110101
11110111
11110111
11110111
11111011
11111011
11111011
10100110
00000000
00000000
00000000
00000000
00000000
00000000
00000000
00000000
00000000
00000000
00000000
00000000
00000000
00000000
00000000
00000000
00000000
00000000
00000000
00000000
00000000
00000000
00000000
00000000
00000000
00000000
00000000
00000000
00000000
00000000
10100110
11111110
11111111
11111110
11111010
11111010
11111010
11111010
11110111
11110101
11110100
11110100
11110100
11110011
11110100
11110011
11110010
11110011
11110100
11110100
11110100
11110011
11110011
11110011
11110101
11110101
11110101
11110111
11110111
11111010
11111011
11111111
11111111
10100110
00000000
00000000
00000000
00000000
00000000
00000000
00000000
00000000
00000000
00000000
00000000
00000000
00000000
00000000
00000000
00000000
00000000
00000000
00000000
00000000
00000000
00000000
00000000
00000000
00000000
00000000
00000000
00000000
00000000
00000000
10100110
11111111
11111111
11111010
11111010
11111010
11111010
11110111
11111010
11110101
11110101
11110100
11110100
11110011
11110100
11110100
11110100
11110011
11110011
11110011
11110100
11110100
11110100
11110100
11110101
11110101
11110100
11110100
11110111
11110111
11111010
11111010
11111010
10011000
00000000
00000000
00000000
00000000
00000000
00000000
00000000
00000000
00000000
00000000
00000000
00000000
00000000
00000000
00000000
00000000
00000000
00000000
00000000
00000000
00000000
00000000
00000000
00000000
00000000
00000000
00000000
00000000
00000000
00000000
10100100
11111011
11111011
11111010
11111010
11111000
11110111
11110100
11110101
11110111
11110111
11110100
11110100
11110011
11110011
11110101
11110101
11110011
11110100
11110101
11110100
11110100
11110100
11110101
11110110
11110100
11110100
11110100
11110111
11110111
11111010
11111010
11111010
01100100
00000000
00000000
00000000
00000000
00000000
00000000
00000000
00000000
00000000
00000000
00000000
00000000
00000000
00000000
00000000
00000000
00000000
00000000
00000000
00000000
00000000
00000000
00000000
00000000
00000000
00000000
00000000
00000000
00000000
00000000
01101100
11111000
11111010
11111000
11111000
11111000
11110111
11110100
11110101
11110111
11110111
11110111
11110100
11110011
11110100
11110100
11110100
11110010
11110100
11110100
11110100
11110011
11110100
11110100
11110100
11110100
11110100
11110100
11110101
11110111
11110111
11111010
11110111
00001001
00000000
00000000
00000000
00000000
00000000
00000000
00000000
00000000
00000000
00000000
00000000
00000000
00000000
00000000
00000000
00000000
00000000
00000000
00000000
00000000
00000000
00000000
00000000
00000000
00000000
00000000
00000000
00000000
00000000
00000000
00001000
11111000
11111011
11111010
11111000
11111000
11110111
11110111
11110101
11110111
11110111
11110100
11110011
11110011
11110100
11110100
11110100
11110010
11110100
11110100
11110100
11110100
11110100
11110100
11110100
11110100
11110100
11110101
11110101
11110111
11110111
11110111
11100010
00000000
00000000
00000000
00000000
00000000
00000000
00000000
00000000
00000000
00000000
00000000
00000000
00000000
00000000
00000000
00000000
00000000
00000000
00000000
00000000
00000000
00000000
00000000
00000000
00000000
00000000
00000000
00000000
00000000
00000000
00000000
00000000
11101001
11111010
11111011
11111010
11111000
11110111
11110111
11110110
11110111
11110111
11110111
11110011
11110100
11110100
11110100
11110011
11110010
11110100
11110011
11110011
11110011
11110100
11110100
11110100
11110100
11110100
11110101
11110101
11110111
11110111
11110111
11001001
00000000
00000000
00000000
00000000
00000000
00000000
00000000
00000000
00000000
00000000
00000000
00000000
00000000
00000000
00000000
00000000
00000000
00000000
00000000
00000000
00000000
00000000
00000000
00000000
00000000
00000000
00000000
00000000
00000000
00000000
00000000
00000000
11010000
11111001
11111011
11110111
11110111
11110111
11110111
11110110
11110111
11110110
11110111
11110100
11110100
11110100
11110100
11110011
11110010
11110011
11110011
11110011
11110100
11110100
11110100
11110100
11110101
11110100
11110101
11110101
11110111
11110111
11110111
10110001
00000000
00000000
00000000
00000000
00000000
00000000
00000000
00000000
00000000
00000000
00000000
00000000
00000000
00000000
00000000
00000000
00000000
00000000
00000000
00000000
00000000
00000000
00000000
00000000
00000000
00000000
00000000
00000000
00000000
00000000
00000000
00000000
10110010
11110111
11111001
11111001
11111010
11110111
11110111
11110100
11110100
11110100
11110111
11110111
11110111
11110100
11110100
11110010
11110011
11110100
11110011
11110100
11110100
11110100
11110011
11110011
11110100
11110101
11110101
11110111
11110111
11111000
11110111
10001010
00000000
00000000
00000000
00000000
00000000
00000000
00000000
00000000
00000000
00000000
00000000
00000000
00000000
00000000
00000000
00000000
00000000
00000000
00000000
00000000
00000000
00000000
00000000
00000000
00000000
00000000
00000000
00000000
00000000
00000000
00000000
00000000
10001010
11110111
11111010
11111001
11110111
11110111
11110111
11110100
11110100
11110100
11110111
11110111
11110111
11110100
11110011
11110010
11110011
11110100
11110100
11110100
11110100
11110100
11110011
11110011
11110100
11110101
11110111
11110111
11110111
11110111
11110111
01011000
00000000
00000000
00000000
00000000
00000000
00000000
00000000
00000000
00000000
00000000
00000000
00000000
00000000
00000000
00000000
00000000
00000000
00000000
00000000
00000000
00000000
00000000
00000000
00000000
00000000
00000000
00000000
00000000
00000000
00000000
00000000
00000000
01100000
11110111
11111010
11111010
11110111
11110110
11110101
11110100
11110011
11110100
11110101
11110101
11110100
11110011
11110011
11110010
11110011
11110011
11110100
11110100
11110100
11110100
11110011
11110011
11110011
11110101
11110111
11110111
11110111
11110111
11110100
00000000
00000000
00000000
00000000
00000000
00000000
00000000
00000000
00000000
00000000
00000000
00000000
00000000
00000000
00000000
00000000
00000000
00000000
00000000
00000000
00000000
00000000
00000000
00000000
00000000
00000000
00000000
00000000
00000000
00000000
00000000
00000000
00000000
00000000
11101110
11111010
11111010
11110110
11110101
11110100
11110100
11110011
11110100
11110100
11110100
11110100
11110011
11110011
11110010
11110010
11110011
11110011
11110011
11110100
11110100
11110100
11110100
11110100
11110100
11110111
11110111
11110111
11110100
11100000
00000000
00000000
00000000
00000000
00000000
00000000
00000000
00000000
00000000
00000000
00000000
00000000
00000000
00000000
00000000
00000000
00110100
00110100
00000000
00000000
00000000
00000000
00000000
00000000
00000000
00000000
00000000
00000000
00000000
00000000
00000000
00000000
00000000
00000000
11100101
11111001
11111001
11110101
11110101
11110101
11110101
11110011
11110100
11110011
11110100
11110100
11110100
11110100
11110011
11110010
11110011
11110011
11110011
11110100
11110100
11110101
11110100
11110100
11110100
11110101
11110101
11110111
11110101
11000010
00000000
00000000
00000000
00000000
00000000
00000000
00000000
00000000
00000000
00000000
00000000
00000000
00000000
00000000
00101001
10111101
11110000
11110000
10100110
00101000
00000000
00000000
00000000
00000000
00000000
00000000
00000000
00000000
00000000
00000000
00000000
00000000
00000000
00000000
11010001
11111001
11111001
11110111
11110111
11110111
11110101
11110011
11110011
11110011
11110011
11110100
11110100
11110100
11110011
11110010
11110011
11110011
11110100
11110100
11110100
11110100
11110101
11110100
11110100
11110101
11110101
11110101
11110100
10101011
00000000
00000000
00000000
00000000
00000000
00000000
00000000
00000000
00000000
00000000
00000000
00000000
00001010
10101001
11101111
11111010
11111010
11111011
11111010
11100110
10011101
00001110
00000000
00000000
00000000
00000000
00000000
00000000
00000000
00000000
00000000
00000000
00000000
00000000
10111100
11110101
11110111
11110111
11110111
11110111
11110110
11110100
11110011
11110011
11110100
11110100
11110100
11110100
11110010
11110011
11110100
11110011
11110011
11110011
11110100
11110100
11110100
11110100
11110101
11110111
11110101
11110111
11110101
10000010
00000000
00000000
00000000
00000000
00000000
00000000
00000000
00000000
00000000
00000000
00000000
10010111
11100101
11111010
11111010
11111011
11111011
11111011
11111010
11111010
11110100
11100000
10101000
00000000
00000000
00000000
00000000
00000000
00000000
00000000
00000000
00000000
00000000
00000000
10001010
11110101
11110111
11110111
11110111
11110110
11110111
11110100
11110011
11110011
11110011
11110100
11110011
11110100
11110010
11110011
11110100
11110011
11110011
11110011
11110100
11110100
11110100
11110101
11110101
11110101
11110101
11110101
11110100
01001100
00000000
00000000
00000000
00000000
00000000
00000000
00000000
00000000
00000000
10001000
11011101
11110111
11111010
11111010
11111011
11111011
11111010
11111010
11111010
11111010
11111010
11111010
11111010
11100011
10000111
00000000
00000000
00000000
00000000
00000000
00000000
00000000
00000000
00000000
01001111
11110101
11110111
11110101
11110100
11110110
11110111
11110111
11110011
11110011
11110100
11110100
11110011
11110011
11110011
11110100
11110100
11110011
11110011
11110011
11110011
11110011
11110011
11110100
11110101
11110101
11110110
11110101
11100110
00000000
00000000
00000000
00000000
00000000
00000000
00000000
00000000
01110101
11011100
11110111
11111011
11111011
11111010
11111010
11111010
11111010
11111001
11110111
11110111
11110111
11111010
11111010
11111010
11111010
11111000
11011001
01111111
00000000
00000000
00000000
00000000
00000000
00000000
00000000
00000000
11101010
11110111
11110101
11110100
11110101
11110111
11110100
11110011
11110011
11110011
11110011
11110011
11110011
11110011
11110011
11110100
11110011
11110011
11110011
11110011
11110011
11110011
11110101
11110101
11110101
11110110
11110101
11010010
00000000
00000000
00000000
00000000
00000000
00000000
01110001
11010010
11101111
11111010
11111010
11111010
11111010
11110111
11110111
11110110
11110110
11110111
11110111
11110111
11110101
11110101
11110111
11111010
11111010
11111010
11111000
11110111
11001111
01101010
00000000
00000000
00000000
00000000
00000000
00000000
11100101
11110100
11110101
11110100
11110100
11110100
11110100
11110100
11110100
11110100
11110100
11110011
11110011
11110011
11110011
11110100
11110011
11110011
11110011
11110011
11110011
11110100
11110100
11110100
11110110
11110111
11110111
11010010
00000000
00000000
00000000
00000000
01100111
11001101
11111010
11111010
11111010
11111010
11111010
11111010
11111000
11110101
11110101
11110101
11110101
11110110
11110111
11110101
11110101
11110100
11110101
11110111
11111000
11111000
11111000
11111000
11111000
11110011
11000110
01100100
00000000
00000000
00000000
00000000
11100101
11110111
11110111
11110101
11110100
11110100
11110011
11110100
11110100
11110100
11110011
11110011
11110011
11110011
11110011
11110100
11110011
11110100
11110011
11110011
11110011
11110100
11110100
11110100
11110111
11110111
11110111
11110111
11010010
01001110
01001110
11001000
11101101
11111011
11111011
11111010
11111010
11111010
11111010
11110101
11110111
11110100
11110100
11110100
11110100
11110111
11110111
11110101
11110101
11110100
11110100
11110100
11110111
11110111
11110111
11110111
11111000
11111000
11110110
11110010
11000011
01010101
01010101
11100101
11111001
11111001
11110111
11110100
11110100
11110100
11110011
11110011
11110100
11110100
11110100
11110011
11110011
11110011
11110011
11110011
11110011
11110011
11110011
11110011
11110100
11110100
11110100
11110100
11110100
11110111
11110111
11110111
11110110
11101011
11101011
11110111
11111011
11111011
11111010
11111010
11111010
11111000
11111000
11110101
11110111
11110111
11110101
11110101
11110101
11110111
11110111
11110111
11110101
11110100
11110100
11110100
11110100
11110100
11110100
11110101
11110111
11111000
11111011
11111010
11111011
11111010
11110111
11110111
11111011
11111001
11110100
11110100
11110100
11110100
11110100
11110100
11110011
11110011
11110011
11110011
11110011
11110011
11110011
11110100
11110100
11110100
11110100
11110011
11110100
11110100
11110011
11110011
11110100
11110101
11110110
11110110
11110110
11111010
11111000
11111011
11110111
11110111
11110111
11110111
11110111
11110111
11110111
11110101
11110111
11110111
11110101
11110101
11110100
11111000
11110100
11111000
11110111
11110111
11110100
11110100
11110100
11110100
11110101
11110101
11110110
11110110
11110111
11111010
11111011
11111011
11111011
11111010
11111011
11110111
11110100
11110100
11110100
11110100
11110100
11110100
11110011
11110011
11110011
11110011
11110100
11110100
11110011
11110011
11110100
11110011
11110011
11110011
11110100
11110100
11110100
11110011
11110100
11110101
11110101
11110101
11110100
11111000
11110111
11110111
11110111
11110111
11110100
11110100
11110101
11110111
11110111
11110111
11110101
11110101
11110100
11110100
11110100
11110101
11110100
11110101
11110101
11110111
11110111
11110111
11110101
11110100
11110100
11110110
11110111
11110110
11110110
11111010
11111011
11111010
11110111
11110111
11110100
11110100
11110100
11110100
11110100
11110100
11110100
11110100
11110100
11110011
11110011
11110011
11110011
11110010
11110011
11110011
11110100
11110011
11110011
11110011
11110011
11110100
11110011
11110011
11110100
11110111
11110111
11110101
11110100
11110100
11110100
11110100
11110101
11110101
11110100
11110100
11110100
11110101
11110111
11110111
11110101
11110100
11110100
11110100
11110100
11110101
11110100
11110101
11110111
11110111
11110110
11110101
11110100
11110100
11110100
11110110
11110110
11110110
11110110
11111010
11111011
11110111
11110111
11110100
11110100
11110100
11110011
11110011
11110100
11110011
11110011
11110011
11110100
11110100
11110100
11110011
11110100
11110010
00000000
11110011
11110011
11110010
11110010
11110010
11110011
11110100
11110011
11110011
11110011
11110100
11110101
11110100
11110100
11110100
11110100
11110100
11110011
11110011
11110011
11110100
11110011
11110011
11110011
11110100
11110100
11110100
11110100
11110100
11110100
11110100
11110100
11110100
11110101
11110110
11110110
11110011
11110011
11110011
11110011
11110010
11110100
11110100
11110110
11111010
11111010
11110111
11110100
11110011
11110011
11110011
11110011
11110011
11110011
11110011
11110010
11110010
11110011
11110011
11110011
11110011
11110010
00000000
